# colour palettes

harper_pal <- c("#023859",
                "#16558C",
                "#A63740",
                "#F28A80",
                "#A6290D",
                "#F29E38",
                "#FFE800",
                "#468A50",
                "#CCD96C",
                "#0388A6")

year_pal <- c("#468a50", 
              "#619541", 
              "#829e2e", 
              "#a8a516",  
              "#d2a800",
              "#ffa600")


exits_pal <- c( "#F28A80",
                "#A63740")

issues_pal <- c("#fff584",
                "#e6ce65",
                "#cca84a",
                "#b08431",
                "#926319",
                "#744301")
                
issues_pal_2 <- c("#747001",
                  "#b7b04a",
                  "#fff584",
                  "#ffc785",
                  "#b88046",
                  "#743f01")


cb_pal <- c("#E69F00", 
           "#56B4E9",
           "#009E73", 
           "#F0E442", 
           "#0072B2", 
           "#D55E00",
           "#CC79A7")

tol_pal <- c("#332288",
             "#117733",
             "#44AA99",
             "#88CCEE",
             "#DDCC77",
             "#CC6677",
             "#AA4499")

cb_pal_2 <- c("#E69F00", 
              "#56B4E9",
              "#009E73", 
              "#F0E442", 
              "#0072B2", 
              "#D55E00",
              "#CC79A7",
              "#332288",
              "#117733",
              "#44AA99",
              "#88CCEE",
              "#DDCC77",
              "#CC6677",
              "#AA4499")
  
  
  
# "#999999"
# "#000000" 
# "#E69F00" 
# "#56B4E9" 
# "#009E73" 
# "#F0E442" 
# "#0072B2" 
# "#D55E00"
# "#CC79A7"
# 
# # Tol
# "#332288"
# "#117733"
# "#44AA99"
# "#88CCEE"
# "#DDCC77"
# "#CC6677"
# "#AA4499"
# 
# #IBM
# "#648FFF"
# "#882255"
# "#785EF0"
# "#DC267F"
# "#FE6100"
# "#FFB000"